[{"timestamp": "2021-05-14T21:47:32.802000", "type": "vio", "user": "agr", "pose": [[1.0, 0.0, 0.0, 0.0], [0.0, 1.0, 0.0, 1.6], [0.0, 0.0, 1.0, 0.0], [0.0, 0.0, 0.0, 1.0]]},
{"timestamp": "2021-05-14T21:47:34.603000", "type": "vio", "user": "agr", "pose": [[1.0, 0.0, 0.0, 0.0], [0.0, 1.0, 0.0, 1.6], [0.0, 0.0, 1.0, 0.0], [0.0, 0.0, 0.0, 1.0]]},
{"timestamp": "2021-05-14T21:47:35.911000", "type": "vio", "user": "agr", "pose": [[1.0, 0.0, 0.0, 0.0], [0.0, 1.0, 0.0, 1.6], [0.0, 0.0, 1.0, 0.0], [0.0, 0.0, 0.0, 1.0]]},
{"timestamp": "2021-05-14T21:47:38.847000", "type": "vio", "user": "agr", "pose": [[1.0, 0.0, 0.0, 0.0], [0.0, 1.0, 0.0, 1.6], [0.0, 0.0, 1.0, 0.0], [0.0, 0.0, 0.0, 1.0]]},
{"timestamp": "2021-05-14T21:47:39.455000", "type": "vio", "user": "nuno", "pose": [[1.0, 0.0, 0.0, 0.0], [0.0, 1.0, 0.0, 1.6], [0.0, 0.0, 1.0, 0.0], [0.0, 0.0, 0.0, 1.0]]},
{"timestamp": "2021-05-14T21:47:40.347000", "type": "vio", "user": "nuno", "pose": [[1.0, 0.0, 0.0, 0.0], [0.0, 1.0, 0.0, 1.6], [0.0, 0.0, 1.0, 0.0], [0.0, 0.0, 0.0, 1.0]]},
{"timestamp": "2021-05-14T21:47:40.631000", "type": "vio", "user": "agr", "pose": [[0.9891562996473194, -0.1402273052623781, 0.043659108177723754, 0.0], [0.032759347335775305, 0.5004429779732331, 0.8651494963065147, 1.3], [-0.1431664766282819, -0.85433783051913, 0.49961007927553824, 0.0], [0.0, 0.0, 0.0, 1.0]]},
{"timestamp": "2021-05-14T21:47:40.713000", "type": "vio", "user": "agr", "pose": [[0.9932170736289255, -0.10817108802615641, 0.042648099221782095, 0.0], [0.02093633961796576, 0.5271656800713067, 0.8495045705812052, 1.3], [-0.11437444791296109, -0.8428495485376937, 0.5258546607137862, 0.0], [0.0, 0.0, 0.0, 1.0]]},
{"timestamp": "2021-05-14T21:47:40.829000", "type": "vio", "user": "agr", "pose": [[0.989713823812468, -0.13339015640349983, 0.051706993039173914, -0.006], [0.02730708667719093, 0.5309295574003046, 0.846975872204115, 1.302], [-0.1404310149920868, -0.8368517618152971, 0.529110818992511, 0.001], [0.0, 0.0, 0.0, 1.0]]},
{"timestamp": "2021-05-14T21:47:40.937000", "type": "vio", "user": "agr", "pose": [[0.9860947603010106, -0.1526038595684719, 0.06579654817465, -0.01], [0.02517214155082298, 0.5285170342684111, 0.8485494138692626, 1.305], [-0.1642665120973787, -0.8350938908487655, 0.5250092441761691, -0.001], [0.0, 0.0, 0.0, 1.0]]},
{"timestamp": "2021-05-14T21:47:41.048000", "type": "vio", "user": "agr", "pose": [[0.9801485508442117, -0.17897106488773684, 0.0853122277926289, -0.013], [0.02311568744518351, 0.5305157276481185, 0.8473598572695807, 1.31], [-0.19691237460334607, -0.8285664853534308, 0.5241212608520422, -0.001], [0.0, 0.0, 0.0, 1.0]]},
{"timestamp": "2021-05-14T21:47:41.156000", "type": "vio", "user": "agr", "pose": [[0.9730070055864807, -0.20409142240388556, 0.10772213505491542, -0.011], [0.018744191159569476, 0.5351328662942347, 0.8445599272458353, 1.315], [-0.23001309175219614, -0.8197435615562196, 0.5245135564594308, -0.003], [0.0, 0.0, 0.0, 1.0]]},
{"timestamp": "2021-05-14T21:47:41.258000", "type": "vio", "user": "agr", "pose": [[0.9650087603175125, -0.2254328377325036, 0.1339332975115895, -0.007], [0.007332450797634157, 0.5337709989963907, 0.8455972775474712, 1.318], [-0.26211510386804787, -0.8150267212197801, 0.5167466652257919, -0.004], [0.0, 0.0, 0.0, 1.0]]},
{"timestamp": "2021-05-14T21:47:41.362000", "type": "vio", "user": "agr", "pose": [[0.9564398010447651, -0.24295733459971516, 0.16184758429353402, -0.001], [-0.007458321877577528, 0.5338888750031244, 0.8455217576045392, 1.322], [-0.2918343372741134, -0.8098977730010749, 0.5088205153840387, -0.003], [0.0, 0.0, 0.0, 1.0]]},
{"timestamp": "2021-05-14T21:47:41.466000", "type": "vio", "user": "agr", "pose": [[0.9362590041731962, -0.28388534261110276, 0.20694972663715197, 0.007], [-0.025873216041153918, 0.5317599927196579, 0.8464997854899179, 1.326], [-0.3503564667539375, -0.7978975011825555, 0.49052005444255886, 0.001], [0.0, 0.0, 0.0, 1.0]]},
{"timestamp": "2021-05-14T21:47:41.573000", "type": "vio", "user": "agr", "pose": [[0.8963032146003477, -0.37029052099384935, 0.24397843666846342, 0.018], [-0.004361864782191804, 0.5428041730706349, 0.8398479647130942, 1.323], [-0.44342025397212703, -0.7538226314984239, 0.4849019680389909, 0.006], [0.0, 0.0, 0.0, 1.0]]},
{"timestamp": "2021-05-14T21:47:41.684000", "type": "vio", "user": "agr", "pose": [[0.8326928252758719, -0.4655061147591666, 0.2998778348859942, 0.032], [0.006825638065088652, 0.5501422258063546, 0.8350430779605529, 1.318], [-0.5536931184321242, -0.6932875222493589, 0.4612768605666819, 0.018], [0.0, 0.0, 0.0, 1.0]]},
{"timestamp": "2021-05-14T21:47:41.718000", "type": "vio", "user": "john", "pose": [[1.0, 0.0, 0.0, 0.0], [0.0, 1.0, 0.0, 1.6], [0.0, 0.0, 1.0, 0.0], [0.0, 0.0, 0.0, 1.0]]},
{"timestamp": "2021-05-14T21:47:41.809000", "type": "vio", "user": "agr", "pose": [[0.8048709805716387, -0.499797142406031, 0.3199773758821308, 0.038], [0.008741863212025164, 0.549108525814878, 0.8357053348549319, 1.316], [-0.5933854434187201, -0.6698377738827344, 0.4463306758655424, 0.024], [0.0, 0.0, 0.0, 1.0]]},
{"timestamp": "2021-05-14T21:47:41.912000", "type": "vio", "user": "agr", "pose": [[0.5707257564546128, -0.7008779473231607, 0.4278343299402037, 0.097], [-0.007019578825270489, 0.5168409895406276, 0.8560526368417896, 1.305], [-0.8211107333559988, -0.4915745055296683, 0.2900545967241966, 0.077], [0.0, 0.0, 0.0, 1.0]]},
{"timestamp": "2021-05-14T21:47:42.014000", "type": "vio", "user": "agr", "pose": [[0.40755206901824687, -0.7813945771662899, 0.47257150338764675, 0.127], [-0.04739607434733195, 0.4987022098911893, 0.8654765843083831, 1.31], [-0.9119511627139951, -0.37512480673071824, 0.16621208199115073, 0.127], [0.0, 0.0, 0.0, 1.0]]},
{"timestamp": "2021-05-14T21:47:42.119000", "type": "vio", "user": "agr", "pose": [[0.24192331257377547, -0.8212369178303314, 0.5167620686794544, 0.161], [-0.07371292240003274, 0.5154877096820301, 0.85372057854899, 1.327], [-0.9674913518500196, -0.24462695264282075, 0.06417272112127609, 0.189], [0.0, 0.0, 0.0, 1.0]]},
{"timestamp": "2021-05-14T21:47:42.219000", "type": "vio", "user": "agr", "pose": [[0.060898031992864754, -0.8304306177994555, 0.5537837291945389, 0.208], [-0.0955026407412074, 0.5474203528054249, 0.8313905237286745, 1.346], [-0.9935646306661945, -0.10351785525018559, -0.045971494793510204, 0.26], [0.0, 0.0, 0.0, 1.0]]},
{"timestamp": "2021-05-14T21:47:42.322000", "type": "vio", "user": "agr", "pose": [[-0.08145630825357969, -0.8062590269621928, 0.5859276843499337, 0.26], [-0.10454034333691503, 0.5915500137434717, 0.7994622554286712, 1.359], [-0.9911791898848046, 0.003868162622754301, -0.13247207576401226, 0.311], [0.0, 0.0, 0.0, 1.0]]},
{"timestamp": "2021-05-14T21:47:42.427000", "type": "vio", "user": "agr", "pose": [[-0.17687362485217617, -0.7842378694592975, 0.5947156336751147, 0.318], [-0.10249443443125233, 0.615633375218799, 0.7813388754102325, 1.371], [-0.978882327832242, 0.07724319661077594, -0.18926932354472992, 0.349], [0.0, 0.0, 0.0, 1.0]]},
{"timestamp": "2021-05-14T21:47:42.530000", "type": "vio", "user": "agr", "pose": [[-0.23555614240942852, -0.736731017194485, 0.6338301918311942, 0.386], [-0.09865547109527933, 0.6669397537814563, 0.738551597959749, 1.383], [-0.966840422094648, 0.11143954921619986, -0.2297843011920802, 0.374], [0.0, 0.0, 0.0, 1.0]]},
{"timestamp": "2021-05-14T21:47:42.632000", "type": "vio", "user": "agr", "pose": [[-0.2584834604171899, -0.7190367580756378, 0.6451142853997514, 0.452], [-0.08749721029334201, 0.6824908502625577, 0.7256379796418968, 1.386], [-0.9620449775772637, 0.13111971569511477, -0.23932630710892305, 0.388], [0.0, 0.0, 0.0, 1.0]]},
{"timestamp": "2021-05-14T21:47:42.746000", "type": "vio", "user": "john", "pose": [[1.0, 0.0, 0.0, 0.0], [0.0, 1.0, 0.0, 1.6], [0.0, 0.0, 1.0, 0.0], [0.0, 0.0, 0.0, 1.0]]},
{"timestamp": "2021-05-14T21:47:42.733000", "type": "vio", "user": "agr", "pose": [[-0.2576889883586389, -0.7012817397339317, 0.6646806050987581, 0.519], [-0.07426230213136603, 0.7002527078339429, 0.7100220106823312, 1.388], [-0.9633698644657984, 0.13360414172839347, -0.23252620831245757, 0.382], [0.0, 0.0, 0.0, 1.0]]},
{"timestamp": "2021-05-14T21:47:42.835000", "type": "vio", "user": "agr", "pose": [[-0.2584483874420226, -0.7003551898630352, 0.6653623366711778, 0.563], [-0.06544255696691259, 0.6998740681392391, 0.711261949273166, 1.399], [-0.9638058428782481, 0.14028149121727784, -0.22671435873275925, 0.37], [0.0, 0.0, 0.0, 1.0]]},
{"timestamp": "2021-05-14T21:47:42.939000", "type": "vio", "user": "agr", "pose": [[-0.2741200492610344, -0.6677331220431124, 0.6920915230803554, 0.597], [-0.05364690722938681, 0.7291543489069833, 0.682243317896742, 1.417], [-0.960198004547942, 0.14988800217692955, -0.23569764289351547, 0.358], [0.0, 0.0, 0.0, 1.0]]},
{"timestamp": "2021-05-14T21:47:43.071000", "type": "vio", "user": "agr", "pose": [[-0.3136337886888139, -0.6210012358839967, 0.7183253522069569, 0.63], [-0.06432791189555825, 0.7686529064254977, 0.6364233097512945, 1.449], [-0.9473625316339344, 0.1533954838780581, -0.28102323601787577, 0.336], [0.0, 0.0, 0.0, 1.0]]},
{"timestamp": "2021-05-14T21:47:43.175000", "type": "vio", "user": "agr", "pose": [[-0.344184557514156, -0.5508753676544149, 0.7603113307589187, 0.653], [-0.05694391644490687, 0.8205446287440725, 0.5687388703255367, 1.484], [-0.9371736129174253, 0.15245603153324394, -0.31378779087216624, 0.315], [0.0, 0.0, 0.0, 1.0]]},
{"timestamp": "2021-05-14T21:47:43.280000", "type": "vio", "user": "agr", "pose": [[-0.3537683138192496, -0.477415704955851, 0.8043147548062222, 0.669], [-0.03944330387396372, 0.8667731495271245, 0.4971403554715066, 1.528], [-0.9345010465039574, 0.14414767400252282, -0.32546772829678733, 0.29], [0.0, 0.0, 0.0, 1.0]]},
{"timestamp": "2021-05-14T21:47:43.383000", "type": "vio", "user": "agr", "pose": [[-0.34931401510385146, -0.38646445641514215, 0.8535953038646446, 0.684], [-0.028877477445088257, 0.914989404134884, 0.4024431408501059, 1.572], [-0.9365606281220852, 0.11592935024677076, -0.33077874115929334, 0.262], [0.0, 0.0, 0.0, 1.0]]},
{"timestamp": "2021-05-14T21:47:43.496000", "type": "vio", "user": "agr", "pose": [[-0.3560257865755768, -0.3348293814922806, 0.8724304697697913, 0.694], [-0.03228823349954238, 0.9374540507829497, 0.34660838513821024, 1.604], [-0.9339181491280277, 0.09523228423247929, -0.34456886506059037, 0.237], [0.0, 0.0, 0.0, 1.0]]},
{"timestamp": "2021-05-14T21:47:43.601000", "type": "vio", "user": "agr", "pose": [[-0.37332885428289203, -0.2870231510919685, 0.8821809776327418, 0.704], [-0.03802393892494792, 0.9548695676516579, 0.2945815487116732, 1.629], [-0.9269194930674698, 0.07643179645915067, -0.36739411244816095, 0.217], [0.0, 0.0, 0.0, 1.0]]},
{"timestamp": "2021-05-14T21:47:43.701000", "type": "vio", "user": "agr", "pose": [[-0.3813232101301369, -0.2566636031709681, 0.8880970691446648, 0.708], [-0.03705196375407897, 0.9641561002733146, 0.26273592500402526, 1.642], [-0.9236989560446704, 0.06728156592299395, -0.37716498974445645, 0.208], [0.0, 0.0, 0.0, 1.0]]},
{"timestamp": "2021-05-14T21:47:43.807000", "type": "vio", "user": "agr", "pose": [[-0.389482234965046, -0.22074341439209932, 0.8941900992793147, 0.711], [-0.0346897371359058, 0.9736815779048504, 0.2252572018519334, 1.655], [-0.920380470666384, 0.056714458925734595, -0.38688920812641797, 0.203], [0.0, 0.0, 0.0, 1.0]]},
{"timestamp": "2021-05-14T21:47:43.870000", "type": "vio", "user": "nuno", "pose": [[1.0, 0.0, 0.0, 0.0], [0.0, 1.0, 0.0, 1.6], [0.0, 0.0, 1.0, 0.0], [0.0, 0.0, 0.0, 1.0]]},
{"timestamp": "2021-05-14T21:47:43.910000", "type": "vio", "user": "agr", "pose": [[-0.3883012669826286, -0.18757464754355818, 0.9022404766239406, 0.713], [-0.03161154668709949, 0.9812003224973944, 0.19038549641991886, 1.666], [-0.9209901390219849, 0.04540571252518259, -0.3869308531176416, 0.203], [0.0, 0.0, 0.0, 1.0]]},
{"timestamp": "2021-05-14T21:47:44.024000", "type": "vio", "user": "agr", "pose": [[-0.3842996439189311, -0.1597026593117899, 0.9092902970407886, 0.713], [-0.02947415563201891, 0.9865444941389577, 0.16081428802779874, 1.677], [-0.9227378055729387, 0.03500030989649455, -0.3838357988431863, 0.207], [0.0, 0.0, 0.0, 1.0]]},
{"timestamp": "2021-05-14T21:47:44.126000", "type": "vio", "user": "agr", "pose": [[-0.38070848569638643, -0.13951151754601915, 0.9141102698202068, 0.71], [-0.026411597405274705, 0.9897904244949753, 0.1400619259490542, 1.683], [-0.9243178438401296, 0.029179651301265506, -0.38050633570109, 0.213], [0.0, 0.0, 0.0, 1.0]]},
{"timestamp": "2021-05-14T21:47:44.230000", "type": "vio", "user": "agr", "pose": [[-0.374320251048784, -0.12189173770956949, 0.9192533676483957, 0.708], [-0.01708426539157435, 0.9920613115320789, 0.12458925329771281, 1.687], [-0.9271421021239438, 0.030931512077376738, -0.37343106998454406, 0.219], [0.0, 0.0, 0.0, 1.0]]},
{"timestamp": "2021-05-14T21:47:44.332000", "type": "vio", "user": "agr", "pose": [[-0.3677480364706151, -0.11263266381238082, 0.9230792299226183, 0.708], [-0.01617606338473778, 0.993262472672529, 0.11475188605781675, 1.688], [-0.9297847689897807, 0.02726799264669865, -0.36709227713429143, 0.225], [0.0, 0.0, 0.0, 1.0]]},
{"timestamp": "2021-05-14T21:47:44.435000", "type": "vio", "user": "agr", "pose": [[-0.3651148109129145, -0.10771245596605544, 0.9247103339326251, 0.709], [-0.017748643589428036, 0.9939090336994114, 0.1087649685396788, 1.691], [-0.9307932963353153, 0.023299346781882765, -0.36480265889488156, 0.228], [0.0, 0.0, 0.0, 1.0]]},
{"timestamp": "2021-05-14T21:47:44.536000", "type": "vio", "user": "agr", "pose": [[-0.3608944357774312, -0.10549221968878755, 0.9266210648425935, 0.708], [-0.01976079043161727, 0.9942237689507579, 0.10549221968878755, 1.69], [-0.9323972958918355, 0.01976079043161727, -0.3608944357774312, 0.231], [0.0, 0.0, 0.0, 1.0]]},
{"timestamp": "2021-05-14T21:47:44.645000", "type": "vio", "user": "agr", "pose": [[-0.3567136691625188, -0.10826329258628976, 0.9279194025943138, 0.707], [-0.020031437145195438, 0.9939204198547655, 0.10826329258628976, 1.688], [-0.9339989827395483, 0.020031437145195438, -0.3567136691625188, 0.235], [0.0, 0.0, 0.0, 1.0]]},
{"timestamp": "2021-05-14T21:47:44.707000", "type": "vio", "user": "john", "pose": [[1.0, 0.0, 0.0, 0.0], [0.0, 1.0, 0.0, 1.6], [0.0, 0.0, 1.0, 0.0], [0.0, 0.0, 0.0, 1.0]]},
{"timestamp": "2021-05-14T21:47:44.749000", "type": "vio", "user": "agr", "pose": [[-0.3500359168487486, -0.10945697121556805, 0.9303193152720038, 0.706], [-0.01850092364747339, 0.9937637560531629, 0.10996050645254432, 1.687], [-0.9365535610631387, 0.021278360073652032, -0.34987806254826803, 0.239], [0.0, 0.0, 0.0, 1.0]]},
{"timestamp": "2021-05-14T21:47:44.850000", "type": "vio", "user": "agr", "pose": [[-0.3463083942811494, -0.11237889687289151, 0.9313653845768822, 0.705], [-0.018799890283920394, 0.9934310500509538, 0.1128774243149252, 1.686], [-0.9379323324076873, 0.02158083252080701, -0.34614622270362033, 0.24], [0.0, 0.0, 0.0, 1.0]]},
{"timestamp": "2021-05-14T21:47:44.956000", "type": "vio", "user": "agr", "pose": [[-0.3422721721378295, -0.1146598623465502, 0.9325786166038348, 0.703], [-0.016251949223661348, 0.9931003233785811, 0.11613622110172772, 1.686], [-0.9394602888501906, 0.024593976336249712, -0.3417740510944159, 0.242], [0.0, 0.0, 0.0, 1.0]]},
{"timestamp": "2021-05-14T21:47:45.075000", "type": "vio", "user": "agr", "pose": [[-0.34237824579514603, -0.11303239643165103, 0.9327383417460424, 0.702], [-0.014616706579518614, 0.9932578290209448, 0.11500103033176685, 1.686], [-0.9394485024177788, 0.025740288372856066, -0.34172203449510746, 0.242], [0.0, 0.0, 0.0, 1.0]]},
{"timestamp": "2021-05-14T21:47:45.176000", "type": "vio", "user": "agr", "pose": [[-0.3448824345089382, -0.11459723609374048, 0.9316241623352538, 0.702], [-0.01640988111983893, 0.9931037309635281, 0.11608486269946243, 1.687], [-0.938502435888592, 0.024747788305135396, -0.34438455947557156, 0.241], [0.0, 0.0, 0.0, 1.0]]},
{"timestamp": "2021-05-14T21:47:45.277000", "type": "vio", "user": "agr", "pose": [[-0.34483051601379033, -0.117356827489282, 0.9312997853899216, 0.702], [-0.01690291767749314, 0.9927690297765237, 0.11884420427840736, 1.688], [-0.9385127631522392, 0.025239424681058643, -0.3443207296142916, 0.241], [0.0, 0.0, 0.0, 1.0]]},
{"timestamp": "2021-05-14T21:47:45.382000", "type": "vio", "user": "agr", "pose": [[-0.34630916411376794, -0.1162720640998568, 0.9308870876539119, 0.702], [-0.018152685522587787, 0.992934283835623, 0.11726887051624765, 1.689], [-0.9379447973410489, 0.02371318396582834, -0.34597289206968435, 0.242], [0.0, 0.0, 0.0, 1.0]]},
{"timestamp": "2021-05-14T21:47:45.515000", "type": "vio", "user": "agr", "pose": [[-0.34732424343863816, -0.1150342994469121, 0.930662656321041, 0.702], [-0.01934558753728472, 0.9931151292287248, 0.11553392722421799, 1.692], [-0.9375455285812071, 0.022123517979105577, -0.3471583670165726, 0.245], [0.0, 0.0, 0.0, 1.0]]},
{"timestamp": "2021-05-14T21:47:45.617000", "type": "vio", "user": "agr", "pose": [[-0.3488028294394533, -0.11784063198282813, 0.929758125336326, 0.701], [-0.019950508814992197, 0.9927723665548415, 0.11834274546047406, 1.693], [-0.9369837583293824, 0.02272913678491338, -0.3486327910107684, 0.246], [0.0, 0.0, 0.0, 1.0]]},
{"timestamp": "2021-05-14T21:47:45.764000", "type": "vio", "user": "nuno", "pose": [[1.0, 0.0, 0.0, 0.0], [0.0, 1.0, 0.0, 1.6], [0.0, 0.0, 1.0, 0.0], [0.0, 0.0, 0.0, 1.0]]},
{"timestamp": "2021-05-14T21:47:45.811000", "type": "vio", "user": "nuno", "pose": [[0.9297736720738949, 0.36811997788997164, 0.0029326773625094615, -0.008], [-0.08810626407490221, 0.2147841323563074, 0.9726793216259468, 1.297], [0.35743279780818854, -0.9046300118646491, 0.23213430742735036, -0.005], [0.0, 0.0, 0.0, 1.0]]},
{"timestamp": "2021-05-14T21:47:45.919000", "type": "vio", "user": "nuno", "pose": [[0.9222134988223409, 0.3866321953463718, 0.006148830092062435, -0.005], [-0.1038660219129583, 0.2323663694598771, 0.967066553984788, 1.3], [0.37247028348827094, -0.8924804848654568, 0.2544493506623394, -0.004], [0.0, 0.0, 0.0, 1.0]]},
{"timestamp": "2021-05-14T21:47:46.027000", "type": "vio", "user": "nuno", "pose": [[0.919677871568586, 0.39266351897514035, 0.002823723275119011, -0.003], [-0.09891630620199221, 0.22470597881407633, 0.9693929994860502, 1.297], [0.3800107589456232, -0.8918086027569296, 0.24549794120176233, -0.004], [0.0, 0.0, 0.0, 1.0]]},
{"timestamp": "2021-05-14T21:47:46.129000", "type": "vio", "user": "nuno", "pose": [[0.9133846783941184, 0.40708042394637733, 0.003736002477349204, -0.001], [-0.10057638326990123, 0.21675607100402577, 0.9710309968333882, 1.297], [0.39447790863775756, -0.8873005883704436, 0.23892435094448955, -0.005], [0.0, 0.0, 0.0, 1.0]]},
{"timestamp": "2021-05-14T21:47:46.050000", "type": "vio", "user": "agr", "pose": [[-0.3488028294394533, -0.11784063198282813, 0.929758125336326, 0.701], [-0.019950508814992197, 0.9927723665548415, 0.11834274546047406, 1.694], [-0.9369837583293824, 0.02272913678491338, -0.3486327910107684, 0.246], [0.0, 0.0, 0.0, 1.0]]},
{"timestamp": "2021-05-14T21:47:46.181000", "type": "vio", "user": "agr", "pose": [[-0.3503380725559568, -0.12177419516306973, 0.9286733980846894, 0.694], [-0.019421402385428756, 0.9922434522844175, 0.12278330720453941, 1.689], [-0.936421936974546, 0.02497952743923805, -0.34998568422401494, 0.248], [0.0, 0.0, 0.0, 1.0]]},
{"timestamp": "2021-05-14T21:47:46.231000", "type": "vio", "user": "nuno", "pose": [[0.9097127250353905, 0.41523662793315097, 0.00114049611581038, -0.001], [-0.10310084886925816, 0.22321409813268778, 0.969301646216104, 1.298], [0.4022349722129127, -0.8819036280782141, 0.24587195430012054, -0.004], [0.0, 0.0, 0.0, 1.0]]},
{"timestamp": "2021-05-14T21:47:46.284000", "type": "vio", "user": "agr", "pose": [[-0.35146071683835395, -0.1189045998210653, 0.9286210533155397, 0.695], [-0.018973074827687904, 0.9926027000144946, 0.1199162305758398, 1.689], [-0.9360103562199795, 0.024527047627615907, -0.3511168423525413, 0.25], [0.0, 0.0, 0.0, 1.0]]},
{"timestamp": "2021-05-14T21:47:46.333000", "type": "vio", "user": "nuno", "pose": [[0.9067743616988281, 0.4216154454926468, -0.0008204192342287087, 0.0], [-0.10225225090021, 0.22180234099624918, 0.9697155246330876, 1.298], [0.40902901382606516, -0.8792292861652306, 0.2442358044960976, -0.003], [0.0, 0.0, 0.0, 1.0]]},
{"timestamp": "2021-05-14T21:47:46.387000", "type": "vio", "user": "agr", "pose": [[-0.35146071683835395, -0.1189045998210653, 0.9286210533155397, 0.694], [-0.018973074827687904, 0.9926027000144946, 0.1199162305758398, 1.69], [-0.9360103562199795, 0.024527047627615907, -0.3511168423525413, 0.25], [0.0, 0.0, 0.0, 1.0]]},
{"timestamp": "2021-05-14T21:47:46.445000", "type": "vio", "user": "nuno", "pose": [[0.9074213081118951, 0.42021718460691593, -0.0020217184606916294, -0.001], [-0.1007456337887204, 0.22221688435169895, 0.9697783115648302, 1.299], [0.4079667717559926, -0.8797938247510384, 0.24397938247510376, -0.001], [0.0, 0.0, 0.0, 1.0]]},
{"timestamp": "2021-05-14T21:47:46.549000", "type": "vio", "user": "nuno", "pose": [[0.9071629500102034, 0.4207697940466806, 0.0028570170980869447, -0.001], [-0.1067820143971254, 0.2236396157031903, 0.968804894542457, 1.3], [0.4070048937421722, -0.8791689841583603, 0.24780821972622252, 0.001], [0.0, 0.0, 0.0, 1.0]]},
{"timestamp": "2021-05-14T21:47:46.527000", "type": "vio", "user": "agr", "pose": [[-0.35128948191806364, -0.11941065393262243, 0.9286209106094485, 0.694], [-0.021750104711989543, 0.9926066837737897, 0.11941065393262243, 1.69], [-0.9360142268356584, 0.021750104711989543, -0.35128948191806364, 0.248], [0.0, 0.0, 0.0, 1.0]]},
{"timestamp": "2021-05-14T21:47:46.680000", "type": "vio", "user": "nuno", "pose": [[0.9081501551544648, 0.418511436272776, 0.010558096505477843, -0.005], [-0.11006475925581796, 0.21435093881938727, 0.9705356375719573, 1.299], [0.4039171257360594, -0.8825541641939859, 0.2407261988255015, 0.004], [0.0, 0.0, 0.0, 1.0]]},
{"timestamp": "2021-05-14T21:47:46.664000", "type": "vio", "user": "agr", "pose": [[-0.3511719726123243, -0.12104153131091008, 0.9284541956119745, 0.693], [-0.023389474736368626, 0.9924334049677643, 0.12053575890849116, 1.689], [-0.9360187915438052, 0.02061272427407667, -0.35134589434754354, 0.248], [0.0, 0.0, 0.0, 1.0]]},
{"timestamp": "2021-05-14T21:47:46.780000", "type": "vio", "user": "nuno", "pose": [[0.9096483181344894, 0.4150433581750995, 0.016701740922163116, -0.008], [-0.112265597051764, 0.20694210449530048, 0.9718906322759097, 1.297], [0.3999204583835465, -0.8859537099768772, 0.2348396277132585, 0.006], [0.0, 0.0, 0.0, 1.0]]},
{"timestamp": "2021-05-14T21:47:46.765000", "type": "vio", "user": "agr", "pose": [[-0.3482594326136203, -0.12711310339036253, 0.9287398056194803, 0.692], [-0.02699973808014748, 0.9917125359639949, 0.12560756408538987, 1.688], [-0.9370092751618003, 0.018668287504023773, -0.3488052655887299, 0.248], [0.0, 0.0, 0.0, 1.0]]},
{"timestamp": "2021-05-14T21:47:46.867000", "type": "vio", "user": "agr", "pose": [[-0.34844277028337456, -0.12661176324749923, 0.928739520664759, 0.692], [-0.024222684749205747, 0.9917205004088763, 0.12610991480572864, 1.687], [-0.9370170208597001, 0.02144552345191752, -0.3486247153359685, 0.247], [0.0, 0.0, 0.0, 1.0]]},
{"timestamp": "2021-05-14T21:47:46.914000", "type": "vio", "user": "nuno", "pose": [[0.9043151538195988, 0.42637422014538934, 0.02047259064324558, -0.012], [-0.11935340234244057, 0.2065120048830031, 0.9711372494083859, 1.295], [0.40984005163175347, -0.8806576044267223, 0.23764114930682373, 0.01], [0.0, 0.0, 0.0, 1.0]]},
{"timestamp": "2021-05-14T21:47:46.999000", "type": "vio", "user": "agr", "pose": [[-0.3486247153359685, -0.12610991480572864, 0.928739520664759, 0.692], [-0.02144552345191752, 0.9917205004088763, 0.12661176324749923, 1.686], [-0.9370170208597001, 0.024222684749205747, -0.34844277028337456, 0.247], [0.0, 0.0, 0.0, 1.0]]},
{"timestamp": "2021-05-14T21:47:47.045000", "type": "vio", "user": "nuno", "pose": [[0.8983047458518412, 0.4349076192961252, 0.06248156734778751, -0.022], [-0.15392151864059755, 0.1783021065459785, 0.9718624001887506, 1.284], [0.4115297676711026, -0.8826458641377319, 0.2271112697360596, 0.016], [0.0, 0.0, 0.0, 1.0]]},
{"timestamp": "2021-05-14T21:47:47.100000", "type": "vio", "user": "agr", "pose": [[-0.34868546037383447, -0.1233549506960151, 0.9290866514285258, 0.692], [-0.020947444411781778, 0.9920789663661034, 0.12385688945948595, 1.686], [-0.9370056853063927, 0.023725105537124473, -0.34850748208718557, 0.247], [0.0, 0.0, 0.0, 1.0]]},
{"timestamp": "2021-05-14T21:47:47.177000", "type": "vio", "user": "nuno", "pose": [[0.8942952600668204, 0.4368710580974067, 0.09684867794074556, -0.03], [-0.17186920308442158, 0.13551194858364002, 0.9757548302838119, 1.269], [0.4131548920842445, -0.8892582248075735, 0.19627237390661734, 0.017], [0.0, 0.0, 0.0, 1.0]]},
{"timestamp": "2021-05-14T21:47:47.203000", "type": "vio", "user": "agr", "pose": [[-0.34880279190228336, -0.12172573959911404, 0.9292574759883404, 0.692], [-0.019309324173653913, 0.9922522711705091, 0.12272970446034388, 1.685], [-0.9369972050978216, 0.024865129720459775, -0.34845080422185215, 0.247], [0.0, 0.0, 0.0, 1.0]]},
{"timestamp": "2021-05-14T21:47:47.312000", "type": "vio", "user": "nuno", "pose": [[0.8892719655231032, 0.4402703756661901, 0.12392484676379131, -0.031], [-0.1858932696057355, 0.1003509684128428, 0.9774320311171996, 1.254], [0.417898389144977, -0.8922396984271417, 0.17108260256576907, 0.015], [0.0, 0.0, 0.0, 1.0]]},
{"timestamp": "2021-05-14T21:47:47.306000", "type": "vio", "user": "agr", "pose": [[-0.34880279190228336, -0.12172573959911404, 0.9292574759883404, 0.692], [-0.019309324173653913, 0.9922522711705091, 0.12272970446034388, 1.684], [-0.9369972050978216, 0.024865129720459775, -0.34845080422185215, 0.247], [0.0, 0.0, 0.0, 1.0]]},
{"timestamp": "2021-05-14T21:47:47.419000", "type": "vio", "user": "nuno", "pose": [[0.8837332586494892, 0.4432619502485571, 0.15011452634105843, -0.03], [-0.2006861578162977, 0.06916790861898225, 0.9772107584744489, 1.245], [0.42277723876491585, -0.8937195554977644, 0.1500825189793652, 0.012], [0.0, 0.0, 0.0, 1.0]]},
{"timestamp": "2021-05-14T21:47:47.412000", "type": "vio", "user": "agr", "pose": [[-0.3489766919556297, -0.12122302985577589, 0.9292579004260823, 0.693], [-0.016531322215789165, 0.9922403181469557, 0.12323094753115119, 1.684], [-0.9369855835910724, 0.027642866642467644, -0.34827272081844624, 0.248], [0.0, 0.0, 0.0, 1.0]]},
{"timestamp": "2021-05-14T21:47:47.519000", "type": "vio", "user": "nuno", "pose": [[0.8760220068388822, 0.4462835705806049, 0.18280158140400116, -0.032], [-0.22491501403681075, 0.04276251636461098, 0.9734395737050079, 1.236], [0.4266130330812675, -0.8938693091408791, 0.13783678094474178, 0.013], [0.0, 0.0, 0.0, 1.0]]},
{"timestamp": "2021-05-14T21:47:47.516000", "type": "vio", "user": "agr", "pose": [[-0.3515773903222745, -0.1211539710857583, 0.9282860840841743, 0.693], [-0.01669889909999052, 0.9922442268963416, 0.12317686860660944, 1.684], [-0.9360098746183333, 0.027804846358734495, -0.3508737737932827, 0.249], [0.0, 0.0, 0.0, 1.0]]},
{"timestamp": "2021-05-14T21:47:47.625000", "type": "vio", "user": "nuno", "pose": [[0.8723771779705967, 0.43115661372484254, 0.2303519780626695, -0.035], [-0.2594209425446102, 0.008945066602616014, 0.965722921107675, 1.228], [0.41431731067543354, -0.902232763883468, 0.1196545270763903, 0.014], [0.0, 0.0, 0.0, 1.0]]},
{"timestamp": "2021-05-14T21:47:47.615000", "type": "vio", "user": "agr", "pose": [[-0.35311233627840405, -0.12119950770954863, 0.9276973414314446, 0.693], [-0.0168099178515324, 0.9922354188971492, 0.12323270729730541, 1.684], [-0.9354299036431494, 0.027920473079116673, -0.3524079206731971, 0.249], [0.0, 0.0, 0.0, 1.0]]},
{"timestamp": "2021-05-14T21:47:47.729000", "type": "vio", "user": "nuno", "pose": [[0.8778351412494924, 0.39976316731708966, 0.26380840555996726, -0.034], [-0.2787864725332095, -0.021406954159674196, 0.9601144958004203, 1.225], [0.38946574627298564, -0.9163684588473208, 0.09265678663655574, 0.017], [0.0, 0.0, 0.0, 1.0]]},
{"timestamp": "2021-05-14T21:47:47.716000", "type": "vio", "user": "agr", "pose": [[-0.36100845036658213, -0.12321952973610086, 0.9243861997323052, 0.694], [-0.0150548374852668, 0.9918732644784946, 0.1263359769862357, 1.681], [-0.932441017240346, 0.0316918712667559, -0.35992968016461246, 0.253], [0.0, 0.0, 0.0, 1.0]]},
{"timestamp": "2021-05-14T21:47:47.830000", "type": "vio", "user": "nuno", "pose": [[0.8925931292941913, 0.3682698313554029, 0.2601054341036853, -0.023], [-0.27069881324172396, -0.023610243597751546, 0.9623745159275454, 1.236], [0.36055465334166154, -0.9294191130543412, 0.07861586508432222, 0.023], [0.0, 0.0, 0.0, 1.0]]},
{"timestamp": "2021-05-14T21:47:47.819000", "type": "vio", "user": "agr", "pose": [[-0.3559719086581658, -0.12947921882323787, 0.925483188469238, 0.694], [-0.01182099015283937, 0.9908993966577821, 0.13408448789867614, 1.676], [-0.9344218878205228, 0.03679018342123123, -0.3542629220872024, 0.256], [0.0, 0.0, 0.0, 1.0]]},
{"timestamp": "2021-05-14T21:47:47.961000", "type": "vio", "user": "nuno", "pose": [[0.906164445199932, 0.36589506944375005, 0.21210091091801744, 0.013], [-0.23497885190332868, 0.01859832615064627, 0.9718225359717626, 1.263], [0.35164035236828695, -0.9304702576768092, 0.10283074523292879, 0.037], [0.0, 0.0, 0.0, 1.0]]},
{"timestamp": "2021-05-14T21:47:47.918000", "type": "vio", "user": "agr", "pose": [[-0.3544327477423854, -0.1399976190881108, 0.9245420996241561, 0.694], [-0.017694777099629168, 0.9895559999479802, 0.14305879151715112, 1.672], [-0.9349140720896104, 0.03434515419405633, -0.3532082787707693, 0.256], [0.0, 0.0, 0.0, 1.0]]},
{"timestamp": "2021-05-14T21:47:48.033000", "type": "vio", "user": "agr", "pose": [[-0.3495515878805807, -0.14703360442595853, 0.9253079522946268, 0.694], [-0.026694861898661063, 0.9887712088838966, 0.14703360442595853, 1.668], [-0.9365367434107303, 0.026694861898661063, -0.3495515878805807, 0.254], [0.0, 0.0, 0.0, 1.0]]},
{"timestamp": "2021-05-14T21:47:48.093000", "type": "vio", "user": "nuno", "pose": [[0.9014000363645809, 0.4086859398945427, 0.14301670173251252, 0.067], [-0.21387568508272936, 0.13306639333289366, 0.9677554062343278, 1.302], [0.3764773110989896, -0.9029225534329562, 0.20735403716779838, 0.057], [0.0, 0.0, 0.0, 1.0]]},
{"timestamp": "2021-05-14T21:47:48.137000", "type": "vio", "user": "agr", "pose": [[-0.34802269604539227, -0.15975631951263905, 0.9237738475476951, 0.695], [-0.03025206050412102, 0.9867739735479473, 0.15925431850863703, 1.661], [-0.9369978739957481, 0.02747805495610993, -0.34825269650539314, 0.251], [0.0, 0.0, 0.0, 1.0]]},
{"timestamp": "2021-05-14T21:47:48.225000", "type": "vio", "user": "nuno", "pose": [[0.8776238213736903, 0.46857912980361155, 0.10104467957261021, 0.129], [-0.2220911387697197, 0.2106765472485307, 0.9519931294496863, 1.327], [0.4247963679663592, -0.8579329761420341, 0.2889620290118786, 0.075], [0.0, 0.0, 0.0, 1.0]]},
{"timestamp": "2021-05-14T21:47:48.244000", "type": "vio", "user": "agr", "pose": [[-0.34969013329171106, -0.18053312682223038, 0.9193065869437756, 0.699], [-0.04235478687533896, 0.9833010159465791, 0.17698922020046787, 1.651], [-0.9359075182448157, 0.02295434943999873, -0.3514971054427283, 0.249], [0.0, 0.0, 0.0, 1.0]]},
{"timestamp": "2021-05-14T21:47:48.359000", "type": "vio", "user": "nuno", "pose": [[0.8470645387646412, 0.5226074596520267, 0.09676316594397161, 0.177], [-0.27236906025657165, 0.27049784990733894, 0.9233883301246872, 1.346], [0.4563954011407185, -0.8085248025333309, 0.371471239137084, 0.097], [0.0, 0.0, 0.0, 1.0]]},
{"timestamp": "2021-05-14T21:47:48.349000", "type": "vio", "user": "agr", "pose": [[-0.3464723153355681, -0.20333287998911978, 0.9157579781914766, 0.708], [-0.05843340240165765, 0.9790074961799083, 0.19526868644847478, 1.634], [-0.9362384697232735, 0.014144339464147157, -0.3510804259302224, 0.248], [0.0, 0.0, 0.0, 1.0]]},
{"timestamp": "2021-05-14T21:47:48.490000", "type": "vio", "user": "nuno", "pose": [[0.8387657735764906, 0.5381800800191198, 0.08266909064000294, 0.194], [-0.3276063963296404, 0.3775408470506824, 0.8661044728507986, 1.371], [0.434909215998624, -0.7535417110411785, 0.4929795772246505, 0.125], [0.0, 0.0, 0.0, 1.0]]},
{"timestamp": "2021-05-14T21:47:48.455000", "type": "vio", "user": "agr", "pose": [[-0.3517026742952235, -0.22887870814569466, 0.9077002621191348, 0.714], [-0.06925905591108152, 0.9733540548460039, 0.2185979576509085, 1.617], [-0.9335461488688674, 0.01401502309668605, -0.358183147369758, 0.245], [0.0, 0.0, 0.0, 1.0]]},
{"timestamp": "2021-05-14T21:47:48.591000", "type": "vio", "user": "nuno", "pose": [[0.8317834656309747, 0.5467993313380247, 0.09563868229547257, 0.205], [-0.3288555670113412, 0.34659913314181034, 0.878477692915987, 1.368], [0.44720273070339644, -0.762154532987658, 0.468113432297975, 0.134], [0.0, 0.0, 0.0, 1.0]]},
{"timestamp": "2021-05-14T21:47:48.560000", "type": "vio", "user": "agr", "pose": [[-0.3517671401185429, -0.2372862362776997, 0.9055137333061188, 0.713], [-0.05735051047157083, 0.9709845637879351, 0.23216351098784554, 1.613], [-0.9343290630615487, 0.029735819455950566, -0.35516894988133657, 0.248], [0.0, 0.0, 0.0, 1.0]]},
{"timestamp": "2021-05-14T21:47:48.663000", "type": "vio", "user": "agr", "pose": [[-0.32701360172687327, -0.2209305349665808, 0.9188317599022131, 0.706], [-0.02537695328520015, 0.9739908734993388, 0.22516169430423932, 1.617], [-0.9446788420027086, 0.050313785977357806, -0.32411480745724336, 0.255], [0.0, 0.0, 0.0, 1.0]]},
{"timestamp": "2021-05-14T21:47:48.720000", "type": "vio", "user": "nuno", "pose": [[0.8228660517084578, 0.5531365866821238, 0.1301206264178851, 0.211], [-0.2988437053397427, 0.22649383875835732, 0.9270345089495408, 1.344], [0.4833051838378588, -0.8017109563166468, 0.3516754779584453, 0.139], [0.0, 0.0, 0.0, 1.0]]},
{"timestamp": "2021-05-14T21:47:48.766000", "type": "vio", "user": "agr", "pose": [[-0.3316819246817536, -0.18127262554959384, 0.9258117173949381, 0.704], [-0.004021430280028868, 0.9816283289646069, 0.19076071889321594, 1.629], [-0.943382705447747, 0.059548795122239276, -0.32631734869844, 0.264], [0.0, 0.0, 0.0, 1.0]]},
{"timestamp": "2021-05-14T21:47:48.826000", "type": "vio", "user": "nuno", "pose": [[0.8010501271638363, 0.5813698476635271, 0.14257557293761464, 0.222], [-0.31610468455164487, 0.20857670550616403, 0.9255126073288792, 1.342], [0.5083271802444826, -0.786450798300747, 0.35085412877264377, 0.14], [0.0, 0.0, 0.0, 1.0]]},
{"timestamp": "2021-05-14T21:47:48.867000", "type": "vio", "user": "agr", "pose": [[-0.34082542336776017, -0.13391552546807228, 0.9305399845384383, 0.705], [0.01966398606259233, 0.9885708456554112, 0.1494690963787343, 1.645], [-0.9399209320141333, 0.06924099334032739, -0.3342967639731614, 0.275], [0.0, 0.0, 0.0, 1.0]]},
{"timestamp": "2021-05-14T21:47:48.927000", "type": "vio", "user": "nuno", "pose": [[0.7848734417227572, 0.6065351838714614, 0.12684144119445154, 0.231], [-0.3234913014635472, 0.22647813083775498, 0.9187279434792743, 1.35], [0.528514009611565, -0.7621172658969542, 0.3739655260395767, 0.142], [0.0, 0.0, 0.0, 1.0]]},
{"timestamp": "2021-05-14T21:47:48.974000", "type": "vio", "user": "agr", "pose": [[-0.3390603032925909, -0.1112026136596739, 0.9341691974403745, 0.706], [0.019752542864719093, 0.9919288748355204, 0.12524753218293616, 1.65], [-0.9405572538561986, 0.0609186833639361, -0.3341271707534285, 0.285], [0.0, 0.0, 0.0, 1.0]]},
{"timestamp": "2021-05-14T21:47:49.033000", "type": "vio", "user": "nuno", "pose": [[0.7786910003020369, 0.6186334732837406, 0.1045607564122823, 0.232], [-0.3372591456157651, 0.2721972080593832, 0.9012019466374899, 1.362], [0.5290525444104182, -0.7370219166738343, 0.4205973128721704, 0.148], [0.0, 0.0, 0.0, 1.0]]},
{"timestamp": "2021-05-14T21:47:49.076000", "type": "vio", "user": "agr", "pose": [[-0.3385457451138641, -0.12371377338809768, 0.9327816897534905, 0.71], [0.009464747715069485, 0.9908212748807157, 0.13484665288557798, 1.645], [-0.9409023312841714, 0.05448030394401159, -0.33426740712516306, 0.292], [0.0, 0.0, 0.0, 1.0]]},
{"timestamp": "2021-05-14T21:47:49.132000", "type": "vio", "user": "nuno", "pose": [[0.7737781129539131, 0.6249252354956862, 0.10361410113562036, 0.233], [-0.34731137840741105, 0.2817406576875914, 0.8944255185505988, 1.368], [0.5297567728139259, -0.7280732462097647, 0.4350483993894816, 0.149], [0.0, 0.0, 0.0, 1.0]]},
{"timestamp": "2021-05-14T21:47:49.177000", "type": "vio", "user": "agr", "pose": [[-0.35442178229688975, -0.13860045146726863, 0.92475678699135, 0.713], [0.004115144129926682, 0.9887133182844241, 0.14976327933039013, 1.637], [-0.9350766096006711, 0.05688487584650111, -0.34985117561277684, 0.3], [0.0, 0.0, 0.0, 1.0]]},
{"timestamp": "2021-05-14T21:47:49.237000", "type": "vio", "user": "nuno", "pose": [[0.7612575939124678, 0.6411232489243, 0.09720007921473395, 0.236], [-0.3753938232511247, 0.3134963103137184, 0.8722382363119541, 1.378], [0.5287403457043011, -0.7004862904500238, 0.4793251544787331, 0.15], [0.0, 0.0, 0.0, 1.0]]},
{"timestamp": "2021-05-14T21:47:49.233000", "type": "vio", "user": "john", "pose": [[1.0, 0.0, 0.0, 0.0], [0.0, 1.0, 0.0, 1.6], [0.0, 0.0, 1.0, 0.0], [0.0, 0.0, 0.0, 1.0]]},
{"timestamp": "2021-05-14T21:47:49.486000", "type": "vio", "user": "nuno", "pose": [[0.7575790920494808, 0.647491442073189, 0.08263626160146764, 0.239], [-0.3871023890170438, 0.3437255541395158, 0.855572605831194, 1.387], [0.5255717455369735, -0.68015261219337, 0.5110447773138413, 0.154], [0.0, 0.0, 0.0, 1.0]]},
{"timestamp": "2021-05-14T21:47:49.509000", "type": "vio", "user": "nuno", "pose": [[0.7554634946595693, 0.6505470234475708, 0.07786834093684444, 0.24], [-0.3950171291179028, 0.35742493092936567, 0.8462912539153339, 1.39], [0.5227201698233969, -0.6701014766687535, 0.5269987049568102, 0.155], [0.0, 0.0, 0.0, 1.0]]},
{"timestamp": "2021-05-14T21:47:49.575000", "type": "vio", "user": "nuno", "pose": [[0.7411521110699888, 0.6712512378342151, 0.010738899502865773, 0.258], [-0.36244786092244896, 0.38662438858491777, 0.8480289678213118, 1.391], [0.565088573914957, -0.6324107509027437, 0.5298410570854128, 0.152], [0.0, 0.0, 0.0, 1.0]]},
{"timestamp": "2021-05-14T21:47:49.618000", "type": "vio", "user": "agr", "pose": [[-0.35318234088295597, -0.1458627068646568, 0.9241137943102847, 0.712], [0.001549922503874826, 0.9876786160691968, 0.15648817559122047, 1.634], [-0.9355532223388833, 0.05670116494175294, -0.34860456977151144, 0.305], [0.0, 0.0, 0.0, 1.0]]},
{"timestamp": "2021-05-14T21:47:49.694000", "type": "vio", "user": "agr", "pose": [[-0.34599716693207927, -0.14980271490679564, 0.9261992804367362, 0.71], [-0.003930706797463643, 0.9873941473255298, 0.1582319416911836, 1.634], [-0.9382273232106636, 0.0511071857358929, -0.3422244081697122, 0.308], [0.0, 0.0, 0.0, 1.0]]},
{"timestamp": "2021-05-14T21:47:49.713000", "type": "vio", "user": "agr", "pose": [[-0.2771931509137486, -0.16544190089249372, 0.9464633825540144, 0.672], [-0.029068307822797554, 0.9860569743634371, 0.16384955535351176, 1.629], [-0.9603744012450705, 0.017905885577170266, -0.2781373558062101, 0.312], [0.0, 0.0, 0.0, 1.0]]},
{"timestamp": "2021-05-14T21:47:49.742000", "type": "vio", "user": "nuno", "pose": [[0.7256048173398639, 0.6878208576736857, 0.020002919842328548, 0.274], [-0.3676781453801496, 0.36297639927443937, 0.8561897657526496, 1.389], [0.5816445911920758, -0.628610055057027, 0.5162741211974555, 0.153], [0.0, 0.0, 0.0, 1.0]]},
{"timestamp": "2021-05-14T21:47:49.886000", "type": "vio", "user": "nuno", "pose": [[0.7195010471528844, 0.694241359238449, 0.018632720377175005, 0.279], [-0.3685138030152403, 0.358906400334449, 0.8575452015994336, 1.389], [0.5886559437677902, -0.6238710851784361, 0.5140710543739387, 0.152], [0.0, 0.0, 0.0, 1.0]]},
